CC Boozer-coordinate data file
CC Converted by SQuID nc_to_neort.py (n=0 equilibrium)
CC Source: boozmn_squid_diag.nc
CC
 m0b   n0b  nsurf  nper    flux [Tm^2]        a [m]          R [m]
    16    0     5    2    1.13097336e-02   0.13299223   1.01458902
        s               iota           Jpol/nper          Itor            pprime         sqrt g(0,0)
                                          [A]           [A]             [Pa]         (dV/ds)/nper
   3.00000000e-01   1.14139179e+00   7.24606976e+05   6.37718494e+03   0.00000000e+00   2.56306184e+00
    m    n      rmnc [m]         rmns [m]         zmnc [m]         zmns [m]         vmnc [ ]         vmns [ ]         bmnc [T]         bmns [T]
    0    0   1.01458902e+00   0.00000000e+00   0.00000000e+00   0.00000000e+00   0.00000000e+00   -0.00000000e+00   3.38407511e-01   0.00000000e+00
    1    0   5.41259236e-02   0.00000000e+00   0.00000000e+00   6.35573773e-02   0.00000000e+00   -4.03848748e-03   -1.79366184e-02   0.00000000e+00
    2    0   2.74929138e-03   0.00000000e+00   0.00000000e+00   7.16929191e-04   0.00000000e+00   -2.60488943e-04   -9.52273181e-04   0.00000000e+00
    3    0   -2.40995890e-05   0.00000000e+00   0.00000000e+00   1.39628913e-04   0.00000000e+00   9.28125480e-05   1.79719801e-04   0.00000000e+00
    4    0   1.73175744e-05   0.00000000e+00   0.00000000e+00   1.23821289e-05   0.00000000e+00   -1.90295961e-05   1.94156020e-05   0.00000000e+00
    5    0   8.48346224e-06   0.00000000e+00   0.00000000e+00   3.60227294e-06   0.00000000e+00   2.79705532e-06   -8.34886270e-06   0.00000000e+00
    6    0   -2.63316232e-07   0.00000000e+00   0.00000000e+00   8.53039475e-07   0.00000000e+00   7.11019947e-07   3.53228820e-06   0.00000000e+00
    7    0   5.78129146e-07   0.00000000e+00   0.00000000e+00   8.24082275e-07   0.00000000e+00   -2.38045221e-07   -4.02814335e-07   0.00000000e+00
    8    0   9.39826649e-07   0.00000000e+00   0.00000000e+00   4.72198557e-07   0.00000000e+00   -3.02568387e-07   -5.54254537e-07   0.00000000e+00
    9    0   -6.49164550e-07   0.00000000e+00   0.00000000e+00   -8.37589431e-07   0.00000000e+00   -4.27242298e-07   1.48214787e-06   0.00000000e+00
   10    0   -4.52149758e-07   0.00000000e+00   0.00000000e+00   -2.65238357e-07   0.00000000e+00   7.03630589e-07   -1.13625402e-06   0.00000000e+00
   11    0   3.05190601e-07   0.00000000e+00   0.00000000e+00   1.61250974e-07   0.00000000e+00   -1.98534348e-07   -6.28187363e-08   0.00000000e+00
   12    0   -5.39829794e-07   0.00000000e+00   0.00000000e+00   2.20090238e-07   0.00000000e+00   3.92597527e-07   6.84810232e-07   0.00000000e+00
   13    0   9.03392175e-07   0.00000000e+00   0.00000000e+00   1.84171843e-07   0.00000000e+00   -5.28143268e-07   -3.36151568e-07   0.00000000e+00
   14    0   -4.54777873e-07   0.00000000e+00   0.00000000e+00   -8.09380438e-07   0.00000000e+00   1.08509200e-07   1.42500994e-07   0.00000000e+00
   15    0   -1.07433075e-07   0.00000000e+00   0.00000000e+00   5.67721501e-07   0.00000000e+00   2.24805854e-07   9.26371351e-07   0.00000000e+00
   16    0   0.00000000e+00   0.00000000e+00   0.00000000e+00   0.00000000e+00   0.00000000e+00   0.00000000e+00   0.00000000e+00   0.00000000e+00
        s               iota           Jpol/nper          Itor            pprime         sqrt g(0,0)
                                          [A]           [A]             [Pa]         (dV/ds)/nper
   4.00000000e-01   1.14669625e+00   7.23320063e+05   8.62695827e+03   0.00000000e+00   2.56548485e+00
    m    n      rmnc [m]         rmns [m]         zmnc [m]         zmns [m]         vmnc [ ]         vmns [ ]         bmnc [T]         bmns [T]
    0    0   1.01435885e+00   0.00000000e+00   0.00000000e+00   0.00000000e+00   0.00000000e+00   -0.00000000e+00   3.38602152e-01   0.00000000e+00
    1    0   6.27811062e-02   0.00000000e+00   0.00000000e+00   7.39353794e-02   0.00000000e+00   -4.72986086e-03   -2.07646326e-02   0.00000000e+00
    2    0   3.69338650e-03   0.00000000e+00   0.00000000e+00   9.36319831e-04   0.00000000e+00   -3.72677493e-04   -1.26655898e-03   0.00000000e+00
    3    0   -5.99793185e-05   0.00000000e+00   0.00000000e+00   2.15200019e-04   0.00000000e+00   1.58189014e-04   2.61113520e-04   0.00000000e+00
    4    0   2.96143321e-05   0.00000000e+00   0.00000000e+00   2.00980716e-05   0.00000000e+00   -3.82420782e-05   4.37009694e-05   0.00000000e+00
    5    0   1.32976305e-05   0.00000000e+00   0.00000000e+00   3.27441383e-06   0.00000000e+00   4.09164506e-06   -1.23775422e-05   0.00000000e+00
    6    0   -1.60782004e-06   0.00000000e+00   0.00000000e+00   1.17878318e-06   0.00000000e+00   1.88079133e-06   2.91279758e-06   0.00000000e+00
    7    0   1.49496647e-06   0.00000000e+00   0.00000000e+00   1.14427580e-06   0.00000000e+00   -4.25303667e-07   -5.30055124e-07   0.00000000e+00
    8    0   1.23863858e-06   0.00000000e+00   0.00000000e+00   6.07213333e-07   0.00000000e+00   -5.68397667e-07   -3.00282955e-07   0.00000000e+00
    9    0   -7.16148749e-07   0.00000000e+00   0.00000000e+00   -9.35302877e-07   0.00000000e+00   -6.92757810e-07   1.96640980e-06   0.00000000e+00
   10    0   -5.29875429e-07   0.00000000e+00   0.00000000e+00   -5.73245198e-07   0.00000000e+00   1.23545053e-06   -1.89751801e-06   0.00000000e+00
   11    0   -1.05961597e-08   0.00000000e+00   0.00000000e+00   3.10967580e-07   0.00000000e+00   -2.50075092e-07   3.80774251e-08   0.00000000e+00
   12    0   -3.82884191e-07   0.00000000e+00   0.00000000e+00   2.73652142e-07   0.00000000e+00   2.47528705e-07   9.05184532e-07   0.00000000e+00
   13    0   9.71350245e-07   0.00000000e+00   0.00000000e+00   2.81167473e-07   0.00000000e+00   -3.89721195e-07   -5.62243977e-07   0.00000000e+00
   14    0   -5.84638791e-07   0.00000000e+00   0.00000000e+00   -9.13497515e-07   0.00000000e+00   -5.86555865e-08   5.17774939e-07   0.00000000e+00
   15    0   -4.41149233e-08   0.00000000e+00   0.00000000e+00   5.14474993e-07   0.00000000e+00   2.87792581e-07   4.11460544e-07   0.00000000e+00
   16    0   0.00000000e+00   0.00000000e+00   0.00000000e+00   0.00000000e+00   0.00000000e+00   0.00000000e+00   0.00000000e+00   0.00000000e+00
        s               iota           Jpol/nper          Itor            pprime         sqrt g(0,0)
                                          [A]           [A]             [Pa]         (dV/ds)/nper
   5.00000000e-01   1.15383147e+00   7.21598168e+05   1.16209417e+04   0.00000000e+00   2.56959535e+00
    m    n      rmnc [m]         rmns [m]         zmnc [m]         zmns [m]         vmnc [ ]         vmns [ ]         bmnc [T]         bmns [T]
    0    0   1.01411742e+00   0.00000000e+00   0.00000000e+00   0.00000000e+00   0.00000000e+00   -0.00000000e+00   3.38810265e-01   0.00000000e+00
    1    0   7.25961269e-02   0.00000000e+00   0.00000000e+00   8.58414182e-02   0.00000000e+00   -5.52691303e-03   -2.39361174e-02   0.00000000e+00
    2    0   4.93142893e-03   0.00000000e+00   0.00000000e+00   1.19632245e-03   0.00000000e+00   -5.36124175e-04   -1.66486660e-03   0.00000000e+00
    3    0   -1.40980791e-04   0.00000000e+00   0.00000000e+00   3.23040759e-04   0.00000000e+00   2.66979463e-04   3.70416480e-04   0.00000000e+00
    4    0   5.34774725e-05   0.00000000e+00   0.00000000e+00   3.46400447e-05   0.00000000e+00   -7.59435396e-05   9.27720146e-05   0.00000000e+00
    5    0   2.29008318e-05   0.00000000e+00   0.00000000e+00   8.66871891e-07   0.00000000e+00   5.69277059e-06   -1.76685343e-05   0.00000000e+00
    6    0   -4.80997850e-06   0.00000000e+00   0.00000000e+00   2.06387496e-06   0.00000000e+00   4.77350278e-06   -2.12189470e-06   0.00000000e+00
    7    0   2.94560179e-06   0.00000000e+00   0.00000000e+00   1.84657438e-06   0.00000000e+00   -1.06755578e-06   3.36355586e-07   0.00000000e+00
    8    0   1.51931761e-06   0.00000000e+00   0.00000000e+00   5.65861659e-07   0.00000000e+00   -9.87546492e-07   4.25790756e-07   0.00000000e+00
    9    0   -6.85374820e-07   0.00000000e+00   0.00000000e+00   -1.41078752e-06   0.00000000e+00   -9.08254065e-07   2.23939527e-06   0.00000000e+00
   10    0   -1.04671560e-06   0.00000000e+00   0.00000000e+00   -1.04700931e-06   0.00000000e+00   1.91302473e-06   -2.71013788e-06   0.00000000e+00
   11    0   -1.98887784e-07   0.00000000e+00   0.00000000e+00   7.48160696e-07   0.00000000e+00   -2.66163530e-07   3.25759899e-08   0.00000000e+00
   12    0   6.68436434e-08   0.00000000e+00   0.00000000e+00   2.59997319e-07   0.00000000e+00   -4.69447970e-08   1.31215190e-06   0.00000000e+00
   13    0   6.20237076e-07   0.00000000e+00   0.00000000e+00   3.99433394e-07   0.00000000e+00   -2.46739804e-07   -6.92883744e-07   0.00000000e+00
   14    0   -4.93761134e-07   0.00000000e+00   0.00000000e+00   -7.66200256e-07   0.00000000e+00   -2.10527792e-07   7.39159358e-07   0.00000000e+00
   15    0   -2.76137640e-08   0.00000000e+00   0.00000000e+00   1.72955853e-07   0.00000000e+00   3.16364718e-07   -1.09644560e-07   0.00000000e+00
   16    0   0.00000000e+00   0.00000000e+00   0.00000000e+00   0.00000000e+00   0.00000000e+00   0.00000000e+00   0.00000000e+00   0.00000000e+00
        s               iota           Jpol/nper          Itor            pprime         sqrt g(0,0)
                                          [A]           [A]             [Pa]         (dV/ds)/nper
   6.00000000e-01   1.15923783e+00   7.20303777e+05   1.38593584e+04   0.00000000e+00   2.57348339e+00
    m    n      rmnc [m]         rmns [m]         zmnc [m]         zmns [m]         vmnc [ ]         vmns [ ]         bmnc [T]         bmns [T]
    0    0   1.01399130e+00   0.00000000e+00   0.00000000e+00   0.00000000e+00   0.00000000e+00   -0.00000000e+00   3.38922245e-01   0.00000000e+00
    1    0   7.90568384e-02   0.00000000e+00   0.00000000e+00   9.37794437e-02   0.00000000e+00   -6.05362563e-03   -2.59938143e-02   0.00000000e+00
    2    0   5.84044029e-03   0.00000000e+00   0.00000000e+00   1.36645787e-03   0.00000000e+00   -6.69775932e-04   -1.94185219e-03   0.00000000e+00
    3    0   -2.33581690e-04   0.00000000e+00   0.00000000e+00   4.04360073e-04   0.00000000e+00   3.63629744e-04   4.48557446e-04   0.00000000e+00
    4    0   7.64402684e-05   0.00000000e+00   0.00000000e+00   4.82703322e-05   0.00000000e+00   -1.14525190e-04   1.43570352e-04   0.00000000e+00
    5    0   3.34101737e-05   0.00000000e+00   0.00000000e+00   -2.66419369e-06   0.00000000e+00   6.61782431e-06   -2.02496515e-05   0.00000000e+00
    6    0   -8.44420483e-06   0.00000000e+00   0.00000000e+00   3.17867734e-06   0.00000000e+00   8.23473724e-06   -1.11137787e-05   0.00000000e+00
    7    0   4.06423602e-06   0.00000000e+00   0.00000000e+00   2.55409522e-06   0.00000000e+00   -1.96863261e-06   2.48042427e-06   0.00000000e+00
    8    0   1.76625137e-06   0.00000000e+00   0.00000000e+00   1.93749145e-07   0.00000000e+00   -1.29271257e-06   1.63247440e-06   0.00000000e+00
    9    0   -7.10384897e-07   0.00000000e+00   0.00000000e+00   -1.85259644e-06   0.00000000e+00   -7.91072161e-07   1.57454754e-06   0.00000000e+00
   10    0   -1.59942422e-06   0.00000000e+00   0.00000000e+00   -1.31485533e-06   0.00000000e+00   2.20183499e-06   -2.86352637e-06   0.00000000e+00
   11    0   -1.49955231e-07   0.00000000e+00   0.00000000e+00   1.07779637e-06   0.00000000e+00   -2.24946253e-07   -6.12882486e-08   0.00000000e+00
   12    0   4.19649134e-07   0.00000000e+00   0.00000000e+00   2.52554837e-07   0.00000000e+00   -2.70456884e-07   1.58115053e-06   0.00000000e+00
   13    0   2.21716576e-07   0.00000000e+00   0.00000000e+00   3.72595492e-07   0.00000000e+00   -2.28042276e-07   -6.34149874e-07   0.00000000e+00
   14    0   -3.22368653e-07   0.00000000e+00   0.00000000e+00   -5.66676758e-07   0.00000000e+00   -2.45977210e-07   6.04846831e-07   0.00000000e+00
   15    0   -9.44631223e-09   0.00000000e+00   0.00000000e+00   -7.11968530e-08   0.00000000e+00   3.20065040e-07   -2.56155753e-07   0.00000000e+00
   16    0   0.00000000e+00   0.00000000e+00   0.00000000e+00   0.00000000e+00   0.00000000e+00   0.00000000e+00   0.00000000e+00   0.00000000e+00
        s               iota           Jpol/nper          Itor            pprime         sqrt g(0,0)
                                          [A]           [A]             [Pa]         (dV/ds)/nper
   7.00000000e-01   1.16466995e+00   7.19008533e+05   1.60887584e+04   0.00000000e+00   2.57813655e+00
    m    n      rmnc [m]         rmns [m]         zmnc [m]         zmns [m]         vmnc [ ]         vmns [ ]         bmnc [T]         bmns [T]
    0    0   1.01391791e+00   0.00000000e+00   0.00000000e+00   0.00000000e+00   0.00000000e+00   -0.00000000e+00   3.38991212e-01   0.00000000e+00
    1    0   8.49337043e-02   0.00000000e+00   0.00000000e+00   1.01088148e-01   0.00000000e+00   -6.52767272e-03   -2.78372048e-02   0.00000000e+00
    2    0   6.72966833e-03   0.00000000e+00   0.00000000e+00   1.51517619e-03   0.00000000e+00   -8.14394079e-04   -2.19332317e-03   0.00000000e+00
    3    0   -3.59980437e-04   0.00000000e+00   0.00000000e+00   4.82239374e-04   0.00000000e+00   4.72936995e-04   5.19153564e-04   0.00000000e+00
    4    0   1.02371609e-04   0.00000000e+00   0.00000000e+00   6.28119133e-05   0.00000000e+00   -1.63369010e-04   2.08004631e-04   0.00000000e+00
    5    0   4.76945405e-05   0.00000000e+00   0.00000000e+00   -7.76795608e-06   0.00000000e+00   7.17541596e-06   -2.01455157e-05   0.00000000e+00
    6    0   -1.32658126e-05   0.00000000e+00   0.00000000e+00   4.85779612e-06   0.00000000e+00   1.30010334e-05   -2.65986425e-05   0.00000000e+00
    7    0   4.94522126e-06   0.00000000e+00   0.00000000e+00   3.29348991e-06   0.00000000e+00   -3.31545379e-06   6.40890226e-06   0.00000000e+00
    8    0   1.94699676e-06   0.00000000e+00   0.00000000e+00   -7.30636620e-07   0.00000000e+00   -1.54166661e-06   4.05462811e-06   0.00000000e+00
    9    0   -9.41843466e-07   0.00000000e+00   0.00000000e+00   -2.25753074e-06   0.00000000e+00   -2.26398801e-07   -5.66260394e-07   0.00000000e+00
   10    0   -1.97761848e-06   0.00000000e+00   0.00000000e+00   -1.33018553e-06   0.00000000e+00   2.15879600e-06   -2.41714033e-06   0.00000000e+00
   11    0   1.00811237e-07   0.00000000e+00   0.00000000e+00   1.36754331e-06   0.00000000e+00   -1.89245656e-07   -7.04769921e-08   0.00000000e+00
   12    0   6.58617844e-07   0.00000000e+00   0.00000000e+00   2.45532054e-07   0.00000000e+00   -4.49186118e-07   1.67245775e-06   0.00000000e+00
   13    0   -1.92594735e-07   0.00000000e+00   0.00000000e+00   2.56217888e-07   0.00000000e+00   -2.78747200e-07   -4.86265162e-07   0.00000000e+00
   14    0   -1.25898985e-07   0.00000000e+00   0.00000000e+00   -3.82293316e-07   0.00000000e+00   -2.29726421e-07   3.19647498e-07   0.00000000e+00
   15    0   -5.94426258e-09   0.00000000e+00   0.00000000e+00   -2.41863445e-07   0.00000000e+00   3.22534229e-07   -2.22628033e-07   0.00000000e+00
   16    0   0.00000000e+00   0.00000000e+00   0.00000000e+00   0.00000000e+00   0.00000000e+00   0.00000000e+00   0.00000000e+00   0.00000000e+00
